type light {int [4]int int int int}
type material {int int int int int int int int}
type polygon {int int int int int ptr int ptr ptr}
type polygon_object {int ptr ptr int ptr int ptr int ptr}
type app { ptr ptr int }

var int opt 0x1
var material material {255 255 255 255 255 255 255 12}
var ptr texture data/rust.pic

var [256]int verteces
[
 300 120 -440 0
 -300 120 -440 0
 -300 120 160 0
 300 120 160 0
 300 120 760 0
 -300 120 760 0
 420 70 -440 0
 420 70 160 0
 420 70 760 0
 -420 70 -440 0
 -420 70 160 0
 -420 70 760 0
 420 -80 -440 0
 420 -80 -120 0
 420 70 -120 0
 420 70 440 0
 420 -80 440 0
 420 -80 760 0
 -420 -80 760 0
 -420 -80 160 0
 -420 -80 -440 0
 420 -80 160 0
 120 -190 160 0
 120 -190 -440 0
 120 -190 760 0
 -120 -190 760 0
 -120 -190 160 0
 -120 -190 -440 0
 420 120 760 0
 200 -80 760 0
 200 120 760 0
 -200 -80 760 0
 -200 120 760 0
 -420 120 760 0
 420 -190 760 0
 -420 -190 760 0
 520 70 -120 0
 520 70 440 0
 520 -80 -120 0
 520 -80 440 0
 200 120 900 0
 200 -80 900 0
 -200 -80 900 0
 -200 120 900 0
 -420 120 1610 0
 420 120 1610 0
 420 -190 1610 0
 -420 -190 1610 0
 420 120 -440 0
 1600 120 -440 0
 1600 120 160 0
 420 120 160 0
 1600 120 760 0
 420 -190 -440 0
 1280 -190 -440 0
 1280 -190 160 0
 420 -190 160 0
 1280 -190 760 0
 1280 120 760 0
 1600 -190 760 0
 1600 -190 -440 0
 1280 120 -440 0
 -420 -190 -440 0
 -420 120 -440 0
]

var [30]int v0 [0 200 0 0 0 0  3 200 0 0 600 0  2 200 0 0 600 600  1 200 0 0 0 600  0 200 0 0 0 0]
var polygon p0 {@opt 200 0 0 7 @texture 4 v0 0}
var [30]int v1 [3 200 0 0 0 0  4 200 0 0 600 0  5 200 0 0 600 600  2 200 0 0 0 600  3 200 0 0 0 0]
var polygon p1 {@opt 200 0 0 7 @texture 4 v1 0}
var [30]int v2 [0 200 0 0 0 0  6 200 0 0 130 0  7 200 0 0 130 600  3 200 0 0 0 600  0 200 0 0 0 0]
var polygon p2 {@opt 200 0 0 7 @texture 4 v2 0}
var [30]int v3 [7 200 0 0 0 0  8 200 0 0 600 0  4 200 0 0 600 130  3 200 0 0 0 130  7 200 0 0 0 0]
var polygon p3 {@opt 200 0 0 7 @texture 4 v3 0}
var [30]int v4 [1 200 0 0 0 0  2 200 0 0 600 0  10 200 0 0 600 130  9 200 0 0 0 130  1 200 0 0 0 0]
var polygon p4 {@opt 200 0 0 7 @texture 4 v4 0}
var [30]int v5 [2 200 0 0 0 0  5 200 0 0 600 0  11 200 0 0 600 130  10 200 0 0 0 130  2 200 0 0 0 0]
var polygon p5 {@opt 200 0 0 7 @texture 4 v5 0}
var [30]int v6 [6 200 0 0 0 0  12 200 0 0 150 0  13 200 0 0 150 320  14 200 0 0 0 320  6 200 0 0 0 0]
var polygon p6 {@opt 200 0 0 7 @texture 4 v6 0}
var [30]int v7 [15 200 0 0 0 0  16 200 0 0 150 0  17 200 0 0 150 320  8 200 0 0 0 320  15 200 0 0 0 0]
var polygon p7 {@opt 200 0 0 7 @texture 4 v7 0}
var [30]int v8 [11 200 0 0 0 0  18 200 0 0 150 0  19 200 0 0 150 600  10 200 0 0 0 600  11 200 0 0 0 0]
var polygon p8 {@opt 200 0 0 7 @texture 4 v8 0}
var [30]int v9 [10 200 0 0 0 0  19 200 0 0 150 0  20 200 0 0 150 600  9 200 0 0 0 600  10 200 0 0 0 0]
var polygon p9 {@opt 200 0 0 7 @texture 4 v9 0}
var [30]int v10 [12 200 0 0 0 0  23 200 0 0 319 0  22 200 0 0 319 600  21 200 0 0 0 600  12 200 0 0 0 0]
var polygon p10 {@opt 200 0 0 7 @texture 4 v10 0}
var [30]int v11 [22 200 0 0 0 0  24 200 0 0 600 0  17 200 0 0 600 319  21 200 0 0 0 319  22 200 0 0 0 0]
var polygon p11 {@opt 200 0 0 7 @texture 4 v11 0}
var [30]int v12 [18 200 0 0 0 0  25 200 0 0 319 0  26 200 0 0 319 600  19 200 0 0 0 600  18 200 0 0 0 0]
var polygon p12 {@opt 200 0 0 7 @texture 4 v12 0}
var [30]int v13 [19 200 0 0 0 0  26 200 0 0 319 0  27 200 0 0 319 600  20 200 0 0 0 600  19 200 0 0 0 0]
var polygon p13 {@opt 200 0 0 7 @texture 4 v13 0}
var [30]int v14 [24 200 0 0 0 0  22 200 0 0 600 0  26 200 0 0 600 240  25 200 0 0 0 240  24 200 0 0 0 0]
var polygon p14 {@opt 200 0 0 7 @texture 4 v14 0}
var [30]int v15 [22 200 0 0 0 0  23 200 0 0 600 0  27 200 0 0 600 240  26 200 0 0 0 240  22 200 0 0 0 0]
var polygon p15 {@opt 200 0 0 7 @texture 4 v15 0}
var [30]int v16 [28 200 0 0 0 0  17 200 0 0 200 0  29 200 0 0 200 220  30 200 0 0 0 220  28 200 0 0 0 0]
var polygon p16 {@opt 200 0 0 7 @texture 4 v16 0}
var [30]int v17 [31 200 0 0 0 0  18 200 0 0 220 0  33 200 0 0 220 200  32 200 0 0 0 200  31 200 0 0 0 0]
var polygon p17 {@opt 200 0 0 7 @texture 4 v17 0}
var [30]int v18 [18 200 0 0 0 0  17 200 0 0 840 0  34 200 0 0 840 110  35 200 0 0 0 110  18 200 0 0 0 0]
var polygon p18 {@opt 200 0 0 7 @texture 4 v18 0}
var [30]int v19 [14 200 0 0 0 0  36 200 0 0 100 0  37 200 0 0 100 560  15 200 0 0 0 560  14 200 0 0 0 0]
var polygon p19 {@opt 200 0 0 7 @texture 4 v19 0}
var [30]int v20 [13 200 0 0 0 0  16 200 0 0 560 0  39 200 0 0 560 100  38 200 0 0 0 100  13 200 0 0 0 0]
var polygon p20 {@opt 200 0 0 7 @texture 4 v20 0}
var [30]int v21 [37 200 0 0 0 0  39 200 0 0 150 0  16 200 0 0 150 100  15 200 0 0 0 100  37 200 0 0 0 0]
var polygon p21 {@opt 200 0 0 7 @texture 4 v21 0}
var [30]int v22 [14 200 0 0 0 0  13 200 0 0 150 0  38 200 0 0 150 100  36 200 0 0 0 100  14 200 0 0 0 0]
var polygon p22 {@opt 200 0 0 7 @texture 4 v22 0}
var [30]int v23 [30 200 0 0 0 0  29 200 0 0 200 0  41 200 0 0 200 140  40 200 0 0 0 140  30 200 0 0 0 0]
var polygon p23 {@opt 200 0 0 7 @texture 4 v23 0}
var [30]int v24 [31 200 0 0 0 0  32 200 0 0 200 0  43 200 0 0 200 140  42 200 0 0 0 140  31 200 0 0 0 0]
var polygon p24 {@opt 200 0 0 7 @texture 4 v24 0}
var [30]int v25 [30 200 0 0 0 0  40 200 0 0 140 0  43 200 0 0 140 400  32 200 0 0 0 400  30 200 0 0 0 0]
var polygon p25 {@opt 200 0 0 7 @texture 4 v25 0}
var [30]int v26 [29 200 0 0 0 0  31 200 0 0 400 0  42 200 0 0 400 140  41 200 0 0 0 140  29 200 0 0 0 0]
var polygon p26 {@opt 200 0 0 7 @texture 4 v26 0}
var [30]int v27 [33 200 0 0 0 0  28 200 0 0 840 0  45 200 0 0 840 850  44 200 0 0 0 850  33 200 0 0 0 0]
var polygon p27 {@opt 200 0 0 7 @texture 4 v27 0}
var [30]int v28 [28 200 0 0 0 0  34 200 0 0 310 0  46 200 0 0 310 850  45 200 0 0 0 850  28 200 0 0 0 0]
var polygon p28 {@opt 200 0 0 7 @texture 4 v28 0}
var [30]int v29 [44 200 0 0 0 0  47 200 0 0 310 0  35 200 0 0 310 850  33 200 0 0 0 850  44 200 0 0 0 0]
var polygon p29 {@opt 200 0 0 7 @texture 4 v29 0}
var [30]int v30 [44 200 0 0 0 0  45 200 0 0 840 0  46 200 0 0 840 310  47 200 0 0 0 310  44 200 0 0 0 0]
var polygon p30 {@opt 200 0 0 7 @texture 4 v30 0}
var [30]int v31 [47 200 0 0 0 0  46 200 0 0 840 0  34 200 0 0 840 850  35 200 0 0 0 850  47 200 0 0 0 0]
var polygon p31 {@opt 200 0 0 7 @texture 4 v31 0}
var [30]int v32 [48 200 0 0 0 0  49 200 0 0 1180 0  50 200 0 0 1180 600  51 200 0 0 0 600  48 200 0 0 0 0]
var polygon p32 {@opt 200 0 0 7 @texture 4 v32 0}
var [30]int v33 [51 200 0 0 0 0  50 200 0 0 1180 0  52 200 0 0 1180 600  28 200 0 0 0 600  51 200 0 0 0 0]
var polygon p33 {@opt 200 0 0 7 @texture 4 v33 0}
var [30]int v34 [53 200 0 0 0 0  56 200 0 0 600 0  55 200 0 0 600 860  54 200 0 0 0 860  53 200 0 0 0 0]
var polygon p34 {@opt 200 0 0 7 @texture 4 v34 0}
var [30]int v35 [56 200 0 0 0 0  34 200 0 0 600 0  57 200 0 0 600 860  55 200 0 0 0 860  56 200 0 0 0 0]
var polygon p35 {@opt 200 0 0 7 @texture 4 v35 0}
var [30]int v36 [49 200 0 0 0 0  54 200 0 0 445 0  55 200 0 0 445 600  50 200 0 0 0 600  49 200 0 0 0 0]
var polygon p36 {@opt 200 0 0 7 @texture 4 v36 0}
var [30]int v37 [52 200 0 0 0 0  50 200 0 0 600 0  55 200 0 0 600 445  57 200 0 0 0 445  52 200 0 0 0 0]
var polygon p37 {@opt 200 0 0 7 @texture 4 v37 0}
var [30]int v38 [28 200 0 0 0 0  58 200 0 0 860 0  57 200 0 0 860 310  34 200 0 0 0 310  28 200 0 0 0 0]
var polygon p38 {@opt 200 0 0 7 @texture 4 v38 0}
var [30]int v39 [58 200 0 0 0 0  52 200 0 0 320 0  59 200 0 0 320 310  57 200 0 0 0 310  58 200 0 0 0 0]
var polygon p39 {@opt 200 0 0 7 @texture 4 v39 0}
var [30]int v40 [49 200 0 0 0 0  61 200 0 0 320 0  54 200 0 0 320 310  60 200 0 0 0 310  49 200 0 0 0 0]
var polygon p40 {@opt 200 0 0 7 @texture 4 v40 0}
var [30]int v41 [61 200 0 0 0 0  48 200 0 0 860 0  53 200 0 0 860 310  54 200 0 0 0 310  61 200 0 0 0 0]
var polygon p41 {@opt 200 0 0 7 @texture 4 v41 0}
var [30]int v42 [53 200 0 0 0 0  48 200 0 0 310 0  63 200 0 0 310 840  62 200 0 0 0 840  53 200 0 0 0 0]
var polygon p42 {@opt 200 0 0 7 @texture 4 v42 0}

var [43]ptr polygons [p0 p1 p2 p3 p4 p5 p6 p7 p8 p9 p10 p11 p12 p13 p14 p15 p16 p17 p18 p19 p20 p21 p22 p23 p24 p25 p26 p27 p28 p29 p30 p31 p32 p33 p34 p35 p36 p37 p38 p39 p40 p41 p42 ]

var polygon_object object {1 material 0 43 polygons 64 verteces 0 0}

var light l1 {1 [0 0 0 0] 50 50 50}
var light l2 {2 [0 0 0 0] 200 200 200}
var light l3 {2 [0 0 1250 0] 60 60 60}
var [3]ptr lights [l1 l2 l3]

var app app { object lights 3 }

export app
